$ python impl_ts2vec.py 
(6057, 137) (11645, 137)
(6062, 137) (11231, 137)
(6180, 137) (11258, 137)
(5490, 137) (11139, 137)
(5516, 137) (10925, 137)
(5980, 137) (12281, 137)
(5923, 137) (10865, 137)
(6180, 137) (12319, 137)
(6180, 137) (8601, 137)
(6180, 137) (12146, 137)
(6165, 137) (11853, 137)
(6176, 137) (11752, 137)
(5741, 137) (12236, 137)
(6180, 137) (12122, 137)
(6159, 137) (12339, 137)
(6162, 137) (12333, 137)
(6180, 137) (12340, 137)
(6180, 137) (12339, 137)
(6180, 137) (12310, 137)
Traceback (most recent call last):
  File "impl_ts2vec.py", line 57, in <module>
(6062, 137) (11231, 137)
(6180, 137) (11258, 137)
(5490, 137) (11139, 137)
(5516, 137) (10925, 137)
(5980, 137) (12281, 137)
(5923, 137) (10865, 137)
(6180, 137) (12319, 137)
(6180, 137) (8601, 137)
(6180, 137) (12146, 137)
(6165, 137) (11853, 137)
(6176, 137) (11752, 137)
(5741, 137) (12236, 137)
(6180, 137) (12122, 137)
(6159, 137) (12339, 137)
(6162, 137) (12333, 137)
(6180, 137) (12340, 137)
(6180, 137) (12339, 137)
(6180, 137) (12310, 137)
[[[ 0.00338582  0.21942458 -0.07808195 ... -0.12679774 -0.5066286
   -1.0051814 ]
  [-0.01690207  0.22860616 -0.08684162 ... -0.1522674  -0.4793296
   -1.0074465 ]
  [-0.01195707  0.20732753 -0.05899238 ... -0.09615754 -0.4674802
   -1.0112957 ]
  ...
  [ 0.01341945  0.33149573 -0.06978899 ... -0.516784   -0.30359507
   -1.0810043 ]
  [-0.04133111  0.32171163 -0.11011045 ... -0.45003808 -0.3627471
   -1.0340614 ]
  [-0.05861352  0.33222473 -0.12709886 ... -0.47328585 -0.37254503
   -1.0500371 ]]

 [[ 0.0033874   0.21942335 -0.07808053 ... -0.12679757 -0.50662965
   -1.0051829 ]
  [-0.01690193  0.22860615 -0.08684157 ... -0.15226737 -0.47932974
   -1.007447  ]
  [-0.01195708  0.20732781 -0.05899251 ... -0.09615725 -0.46748024
   -1.0112959 ]
  ...
  [ 0.01341965  0.33149573 -0.06978899 ... -0.516784   -0.30359507
   -1.0810045 ]
  [-0.04133126  0.32171175 -0.11011051 ... -0.45003802 -0.36274716
   -1.0340616 ]
  [-0.05861349  0.3322247  -0.12709884 ... -0.4732857  -0.3725451
   -1.0500371 ]]

 [[ 0.00338801  0.219423   -0.07808003 ... -0.12679742 -0.50663
   -1.0051835 ]
  [-0.01690187  0.22860616 -0.08684147 ... -0.15226725 -0.47932976
   -1.0074471 ]
  [-0.01195708  0.20732787 -0.05899245 ... -0.09615713 -0.46748024
   -1.011296  ]
  ...
  [ 0.01341976  0.33149576 -0.06978908 ... -0.5167842  -0.30359513
   -1.0810044 ]
  [-0.04133149  0.32171178 -0.11011051 ... -0.45003796 -0.362747
   -1.0340614 ]
  [-0.05861357  0.33222473 -0.12709877 ... -0.4732858  -0.37254503
   -1.0500371 ]]

 ...

 [[ 0.00337312  0.2194461  -0.07810248 ... -0.12679513 -0.5066109
   -1.0051552 ]
  [-0.01690421  0.22860532 -0.08684275 ... -0.15226889 -0.47932756
   -1.0074445 ]
  [-0.01195968  0.20732664 -0.05899558 ... -0.09616021 -0.4674775
   -1.0112838 ]
  ...
  [ 0.01341833  0.3314963  -0.06978859 ... -0.5167836  -0.30359516
   -1.0810026 ]
  [-0.0413278   0.32171053 -0.11011013 ... -0.45003748 -0.36274675
   -1.0340616 ]
  [-0.05860719  0.3322231  -0.12709849 ... -0.47328413 -0.3725446
   -1.0500376 ]]

 [[ 0.00337321  0.21944591 -0.07810237 ... -0.12679511 -0.50661105
   -1.0051553 ]
  [-0.01690406  0.22860527 -0.08684261 ... -0.15226875 -0.47932768
   -1.0074445 ]
  [-0.01195964  0.20732667 -0.05899555 ... -0.0961602  -0.46747753
   -1.0112838 ]
  ...
  [ 0.01341831  0.3314962  -0.06978859 ... -0.51678354 -0.3035952
   -1.0810028 ]
  [-0.04132786  0.32171053 -0.11011015 ... -0.45003766 -0.36274675
   -1.0340617 ]
  [-0.05860717  0.33222303 -0.12709853 ... -0.47328407 -0.37254456
   -1.0500376 ]]

 [[ 0.00337338  0.21944577 -0.07810221 ... -0.12679502 -0.50661117
   -1.0051556 ]
  [-0.01690407  0.22860524 -0.08684259 ... -0.15226886 -0.47932774
   -1.0074446 ]
  [-0.01195956  0.20732658 -0.05899552 ... -0.09616025 -0.46747753
   -1.0112839 ]
  ...
  [ 0.01341837  0.33149624 -0.06978864 ... -0.5167835  -0.30359516
   -1.0810027 ]
  [-0.04132787  0.3217105  -0.11011022 ... -0.45003757 -0.36274675
   -1.0340618 ]
  [-0.05860718  0.33222306 -0.1270985  ... -0.47328413 -0.37254462
   -1.0500376 ]]]
